42848539
42850385
42848675
42851527
42856457
42855505
42856501
42848779
42852623
42848891
42849883
42857041
42859095
42857214
42866143
42866155
42863669
42860761
42859862
42866691
42860851
42865732
42870072
42868155
42865982
42870273
42871253
42868396
42867535
42875227
42874699
42873712
42879026
42872904
42873882
42870967
42878276
42885076
42878366
42880284
42884131
42882185
42878417
42881255
42883178
42879466
42887200
42887255
42885317
42883348
42878613
42885377
42887328
42882729
42885684
42893073
42891172
42897094
42890418
42897572
42888958
42905092
42900149
42902129
42900186
42904189
42910072
42910192
42912174
42914198
42922018
42938068
42933309
42932376
42935367
42954339
42954478
42957637
42962114
42988578
42990693
43000059
42991502
42994304
42860880
42858940
42863828
42872015
42875017
42874076
42904098
42918161
42904495
42711410
42854137
27031990
42882017
42882030
42876973
42886005
42885787
42890071
42886817
42886939
42890323
19345362
42941581
42975930